      0/99     1.52G    0.1073   0.01615         0    0.1234         4       416 0.0006576    0.1973 0.0001616  2.26e-05   0.09825   0.01289         0
      1/99     1.72G     0.103   0.01599         0    0.1189         5       416 0.0009118    0.1633 0.0002188 3.042e-05   0.09579   0.01254         0
      2/99     1.72G    0.1011   0.01618         0    0.1173        11       416  0.001013    0.1565  0.000435 5.798e-05   0.09442   0.01229         0
      3/99     1.72G    0.1014   0.01443         0    0.1158         1       416 0.0009195   0.02041 6.167e-05 1.319e-05    0.1495   0.05308         0
      4/99     1.72G   0.09915   0.01554         0    0.1147        10       416 0.0003494   0.09524 3.513e-05  5.78e-06     0.135   0.02255         0
      5/99     1.72G   0.09932   0.01514         0    0.1145         4       416  0.002092   0.08844 0.0006199 9.765e-05    0.1149  0.008899         0
      6/99     1.72G   0.09877   0.01531         0    0.1141         9       416  0.002355   0.04082 0.0004841 7.073e-05    0.1093  0.009289         0
      7/99     1.72G   0.09762   0.01589         0    0.1135        11       416  0.002287   0.04082 0.0004903 7.132e-05   0.09461   0.01128         0
      8/99     1.72G   0.09579   0.01583         0    0.1116        11       416  0.001501    0.1905 0.0004913 5.699e-05    0.0917   0.01154         0
      9/99     1.72G    0.0951   0.01663         0    0.1117         7       416  0.002051   0.05442 0.0007316 9.146e-05   0.09004   0.01166         0
     10/99     1.72G   0.09406   0.01498         0     0.109         6       416  0.002821    0.2109   0.00186 0.0002834   0.08769   0.01187         0
     11/99     1.72G   0.09265   0.01622         0    0.1089        10       416  0.004742    0.1905  0.001716 0.0002216   0.08783   0.01178         0
     12/99     1.72G    0.0906   0.01643         0     0.107         8       416  0.004721    0.2313  0.001506 0.0001877   0.08867   0.01152         0
     13/99     1.72G   0.08917   0.01656         0    0.1057         5       416  0.008297    0.2721  0.003248 0.0005082   0.08434   0.01199         0
     14/99     1.72G   0.08671   0.01729         0     0.104         8       416   0.01161    0.1497  0.006196  0.000979   0.08323   0.01205         0
     15/99     1.72G   0.08592   0.01707         0     0.103        10       416   0.02071   0.06803  0.009329  0.001865   0.07987   0.01229         0
     16/99     1.72G   0.08362   0.01731         0    0.1009        10       416   0.02562    0.1429   0.01259   0.00237   0.07778   0.01233         0
     17/99     1.72G    0.0818   0.01793         0   0.09972         9       416   0.03888    0.1701   0.01907   0.00324   0.08306   0.01151         0
     18/99     1.72G   0.08222    0.0171         0   0.09932         8       416   0.04499    0.2517   0.02092   0.00452   0.07779   0.01194         0
     19/99     1.72G   0.08048   0.01646         0   0.09694         6       416   0.08188    0.1837   0.03626  0.006527   0.08183   0.01145         0
     20/99     1.72G   0.08003   0.01683         0   0.09686         8       416   0.04035    0.2245   0.02521  0.005756   0.07668   0.01165         0
     21/99     1.72G   0.07703   0.01686         0   0.09389         6       416    0.1368   0.04082   0.01988  0.003137   0.07855    0.0118         0
     22/99     1.72G   0.07604   0.01671         0   0.09274         6       416    0.1857   0.06122   0.03129  0.006497   0.08851    0.0105         0
     23/99     1.72G   0.07496   0.01666         0   0.09162         8       416   0.08208    0.1971   0.03494  0.007753   0.07657   0.01125         0
     24/99     1.72G   0.07277   0.01649         0   0.08925         6       416    0.1041     0.102   0.02909  0.006069   0.07623     0.011         0
     25/99     1.72G   0.07321   0.01668         0   0.08989         5       416    0.1062   0.08844   0.02937   0.00664    0.0785    0.0107         0
     26/99     1.72G   0.07324   0.01534         0   0.08858         8       416    0.3513    0.1429   0.09847   0.01979   0.07155   0.01167         0
     27/99     1.72G   0.07205   0.01642         0   0.08847         9       416   0.01574   0.04762  0.002164 0.0002618    0.1014  0.009959         0
     28/99     1.72G    0.0705   0.01686         0   0.08736         9       416   0.06053   0.05442   0.01588  0.002404   0.07916   0.01242         0
     29/99     1.72G   0.07111   0.01622         0   0.08733         9       416    0.3315    0.2092    0.1654   0.03839   0.06966   0.01126         0
     30/99     1.72G   0.06822   0.01621         0   0.08444        11       416  0.009076    0.1973  0.003088 0.0005139   0.09443   0.01114         0
     31/99     1.72G   0.06797   0.01558         0   0.08355         9       416   0.09064    0.2177   0.04276  0.007501   0.07712   0.01156         0
     32/99     1.72G   0.06559   0.01571         0    0.0813         4       416     0.181    0.1224   0.07551   0.01786    0.0704   0.01197         0
     33/99     1.72G    0.0689   0.01458         0   0.08348         9       416    0.1423   0.03401   0.01185  0.004119    0.0943  0.009904         0
     34/99     1.72G   0.06443   0.01553         0   0.07997        11       416    0.2531    0.1429     0.118     0.024   0.07119   0.01074         0
     35/99     1.72G    0.0635   0.01496         0   0.07846         8       416    0.1575    0.2925    0.1135   0.03133   0.06698   0.01166         0
     36/99     1.72G   0.06413   0.01458         0    0.0787         7       416    0.2829    0.2449    0.1897   0.05582   0.06228   0.01061         0
     37/99     1.72G   0.06109   0.01426         0   0.07536         8       416    0.1391    0.1088    0.0259  0.005658    0.0926  0.009193         0
     38/99     1.72G   0.06013   0.01453         0   0.07467         6       416    0.3874    0.2721    0.2074   0.05398   0.06545   0.01042         0
     39/99     1.72G   0.05941   0.01429         0   0.07369         8       416    0.2282    0.2381    0.1317   0.02983    0.0689   0.01029         0
     40/99     1.72G   0.05886    0.0138         0   0.07266         6       416    0.3621    0.3061    0.2437   0.06008   0.06794  0.009873         0
     41/99     1.72G   0.05878   0.01351         0   0.07228         4       416    0.3021    0.4558    0.2829   0.07628   0.06113   0.01062         0
     42/99     1.72G   0.05698   0.01298         0   0.06996         2       416    0.1592    0.1701   0.09424   0.02323   0.06969   0.01143         0
     43/99     1.72G   0.05668   0.01334         0   0.07003         7       416    0.2838    0.3265    0.2202   0.06477   0.06301  0.009992         0
     44/99     1.72G   0.05418    0.0133         0   0.06748         5       416    0.5262     0.476    0.4409    0.1493   0.05781  0.009867         0
     45/99     1.72G   0.05384   0.01287         0   0.06671        10       416   0.09593    0.1633   0.03702  0.008022   0.08824  0.009043         0
     46/99     1.72G   0.05491   0.01195         0   0.06686         7       416    0.4399    0.4558     0.337   0.09596   0.06048  0.008782         0
     47/99     1.72G   0.05255   0.01262         0   0.06517         9       416    0.6632    0.4956    0.5031    0.1217   0.05569  0.008144         0
     48/99     1.72G   0.05315   0.01248         0   0.06563         8       416    0.3551    0.3197    0.2515   0.06573   0.06426   0.01031         0
     49/99     1.72G   0.05173   0.01236         0   0.06409         9       416    0.5428     0.517    0.4864    0.1778   0.05374  0.009151         0
     50/99     1.72G    0.0522     0.012         0   0.06421         6       416    0.1516    0.3465    0.1005   0.02993   0.06333   0.01058         0
     51/99     1.72G   0.05154   0.01234         0   0.06388        11       416    0.8205    0.5034    0.5831     0.194   0.05444  0.008016         0
     52/99     1.72G   0.05035   0.01175         0    0.0621         9       416    0.7306    0.5167    0.5222    0.1725    0.0537  0.007993         0
     53/99     1.72G   0.04962   0.01149         0   0.06111         9       416    0.7121    0.4881    0.4771    0.1635   0.05494  0.008493         0
     54/99     1.72G   0.04873    0.0108         0   0.05953         4       416    0.7627    0.5028    0.5266     0.189   0.05495  0.008278         0
     55/99     1.72G   0.05031   0.01107         0   0.06138         6       416    0.8228    0.6327    0.6947    0.2418   0.04796  0.007564         0
     56/99     1.72G   0.04809   0.01092         0   0.05902         9       416    0.7195    0.6463    0.6865    0.2795   0.04784  0.007576         0
     57/99     1.72G   0.04758   0.01123         0   0.05881         5       416      0.69    0.6661    0.6177     0.225   0.04976  0.007939         0
     58/99     1.72G   0.04702   0.01095         0   0.05797         8       416    0.8704    0.6856    0.7617    0.2915   0.04626  0.007445         0
     59/99     1.72G   0.04481   0.01113         0   0.05594         7       416    0.8121    0.5306     0.684    0.2657   0.04798  0.007646         0
     60/99     1.72G   0.04596   0.01052         0   0.05648        10       416    0.7111    0.7211     0.748    0.3069   0.04562  0.006945         0
     61/99     1.72G   0.04564   0.01077         0   0.05641         8       416    0.8453    0.7075    0.7504    0.2933   0.04606  0.007014         0
     62/99     1.72G   0.04489   0.01072         0   0.05561         9       416    0.8534    0.6735    0.7312    0.2913   0.04632  0.007222         0
     63/99     1.72G   0.04514   0.01014         0   0.05529         5       416    0.9099    0.6871     0.796    0.3108   0.04453  0.006896         0
     64/99     1.72G   0.04432   0.01013         0   0.05444         6       416    0.8063    0.5097    0.5877     0.268   0.05209  0.007731         0
     65/99     1.72G   0.04441   0.01062         0   0.05503         7       416    0.8617    0.7205     0.786    0.3432   0.04402  0.006807         0
     66/99     1.72G   0.04318   0.01019         0   0.05337         6       416    0.7777    0.7141    0.7473    0.2822   0.04616  0.006883         0
     67/99     1.72G    0.0446   0.01012         0   0.05472         6       416     0.747    0.5224    0.5837    0.2125    0.0539  0.007212         0
     68/99     1.72G   0.04254    0.0104         0   0.05293         9       416    0.7956    0.5306    0.6255    0.2356     0.053  0.007265         0
     69/99     1.72G   0.04332   0.01064         0   0.05396         8       416    0.7782    0.5013    0.5955    0.2241    0.0522  0.007383         0
     70/99     1.72G   0.04199  0.009908         0    0.0519         9       416    0.8785    0.7415     0.821    0.3334   0.04381  0.006636         0
     71/99     1.72G   0.04304    0.0104         0   0.05343        11       416    0.7907    0.7211    0.7778    0.3399   0.04341  0.006656         0
     72/99     1.72G   0.04274  0.009781         0   0.05252        10       416    0.7532    0.7075     0.749    0.3343   0.04411  0.006506         0
     73/99     1.72G   0.04192  0.009922         0   0.05184         8       416    0.7748    0.7755    0.8055     0.318   0.04488  0.006691         0
     74/99     1.72G   0.04061   0.01016         0   0.05078         8       416    0.8534    0.7143    0.7748    0.3329   0.04392  0.006571         0
     75/99     1.72G   0.04057  0.009637         0   0.05021         4       416    0.7868    0.7279    0.7559    0.3435   0.04378  0.006341         0
     76/99     1.72G    0.0419  0.009659         0   0.05156         3       416     0.872    0.7551    0.8438    0.3772   0.04104  0.006154         0
     77/99     1.72G   0.04056  0.009317         0   0.04987         9       416    0.8719    0.6531    0.7543    0.3414   0.04349  0.006648         0
     78/99     1.72G   0.03973  0.009573         0   0.04931         7       416    0.8398    0.7891    0.8555    0.3877   0.04112  0.006082         0
     79/99     1.72G   0.03995  0.009792         0   0.04974        10       416    0.8315    0.6463    0.7502    0.3366   0.04364  0.006772         0
     80/99     1.72G   0.03915  0.009853         0     0.049         7       416     0.832    0.7074    0.7416    0.3238   0.04365  0.006443         0
     81/99     1.72G   0.03954  0.009169         0   0.04871         5       416    0.8711    0.7815    0.8158    0.3324   0.04192  0.006228         0
     82/99     1.72G   0.03846  0.009528         0   0.04799        11       416    0.8868    0.7465    0.8265    0.3826   0.04091  0.005965         0
     83/99     1.72G   0.03835  0.009698         0   0.04804         7       416    0.8592    0.7886    0.8412    0.4011   0.03927  0.005966         0
     84/99     1.72G   0.03868  0.008995         0   0.04767         7       416    0.8358    0.7619    0.8399    0.3644   0.04126  0.006364         0
     85/99     1.72G   0.03842  0.009158         0   0.04758         7       416    0.8796    0.7959    0.8604    0.3988   0.03947  0.005919         0
     86/99     1.72G   0.03951  0.008774         0   0.04828         4       416    0.8102    0.7548    0.8079    0.3874   0.04171  0.006253         0
     87/99     1.72G    0.0391  0.009054         0   0.04815         8       416    0.9043    0.7074    0.7752    0.3516   0.04218  0.006466         0
     88/99     1.72G   0.03882  0.008863         0   0.04768         5       416    0.9069    0.8095    0.8811    0.3976   0.03948   0.00596         0
     89/99     1.72G   0.03874  0.009861         0    0.0486        11       416    0.9023    0.7551    0.8459     0.393   0.03992  0.005881         0
     90/99     1.72G    0.0367  0.009132         0   0.04583         8       416    0.9002    0.7415    0.8295    0.3673   0.04198  0.006011         0
     91/99     1.72G   0.03822  0.008979         0    0.0472         6       416    0.8644    0.6937    0.7439    0.3126   0.04477  0.006531         0
     92/99     1.72G   0.03733  0.009053         0   0.04638         8       416    0.8809    0.7551    0.8373    0.3616   0.03922  0.006025         0
     93/99     1.72G   0.03819  0.008975         0   0.04716         9       416    0.8722    0.8358    0.8885    0.4081   0.03932   0.00603         0
     94/99     1.72G   0.03804  0.008595         0   0.04663         7       416    0.8479    0.8367    0.8619    0.3889   0.03973  0.005814         0
     95/99     1.72G   0.03761  0.008856         0   0.04647         8       416     0.834    0.8231    0.8616    0.3861    0.0392  0.006195         0
     96/99     1.72G    0.0358  0.008869         0   0.04467         3       416    0.9322    0.7483    0.8647     0.409   0.03912  0.005903         0
     97/99     1.72G   0.03707  0.008745         0   0.04581         6       416    0.8897    0.7686    0.8491    0.3891   0.03942  0.005802         0
     98/99     1.72G   0.03643  0.008601         0   0.04504         7       416    0.9326    0.7551    0.8654    0.3889   0.03957  0.005878         0
     99/99     1.72G   0.03728   0.00879         0   0.04607        10       416     0.916    0.8163      0.88    0.3905   0.03928  0.005838         0
